50 25
-711519 -69537
691937 -363942
746815 -761877
885027 759668
-483649 640827
201850 -510648
368299 -480492
-103259 512943
179858 -617344
-910980 455085
5194 595108
-297580 -44434
-534386 21100
-277277 665007
172995 -297099
513379 978902
633365 722741
132385 897605
960864 17412
-825303 -522786
175664 376547
483992 -456038
-586520 -101841
-425669 593338
798241 -336649
565849 -196566
-224115 -731732
759001 241499
806794 -851
-93495 497214
702050 -580117
476116 335414
-339950 125926
750444 -379087
-339237 925141
615554 -646147
819113 99545
-102185 -767407
-484871 989572
-656644 -686630
170349 -573370
116804 946234
-305102 393230
705158 -498308
-607622 -388338
998906 -905572
548971 992447
947268 -790980
635799 697712
347360 -703439
-859723 480339
-349586 959391
97309 -934345
-290591 612439
-427348 570191
925809 -739574
996822 560038
-275915 209145
-46732 -570758
-771738 345646
558330 -255406
957500 107301
-262960 904768
833747 -109736
-880096 698532
704252 -222393
178870 -127909
254423 -723821
455172 963832
-593957 -972176
-948552 -668149
-194324 -951731
-590686 529762
257414 362582
959004 485677